Nhom6_KTVXL,1686732425,-273.00,-1.00,-1.00,24,35,37,196
Nhom6_KTVXL,1686732430,-273.00,-1.00,-1.00,22,34,34,196
Nhom6_KTVXL,1686732435,-273.00,-1.00,-1.00,21,32,32,196
Nhom6_KTVXL,1686732440,-273.00,-1.00,-1.00,20,30,30,196
Nhom6_KTVXL,1686732467,32.08,71.40,99691.44,22,30,31,196
Nhom6_KTVXL,1686732472,32.08,71.35,99690.48,21,29,30,196
Nhom6_KTVXL,1686732477,32.09,71.30,99688.95,20,28,29,196
Nhom6_KTVXL,1686732482,32.09,71.35,99693.66,23,34,35,196
Nhom6_KTVXL,1686732487,32.13,71.89,99691.61,23,32,34,196
Nhom6_KTVXL,1686732492,32.18,72.21,99692.20,24,34,34,472
Nhom6_KTVXL,1686732497,32.24,72.71,99698.05,23,32,33,480
Nhom6_KTVXL,1686732515,32.46,72.49,99696.23,24,36,39,498
Nhom6_KTVXL,1686732520,32.42,72.03,99698.25,23,37,40,494
Nhom6_KTVXL,1686732525,32.39,71.73,99694.77,22,37,39,492
Nhom6_KTVXL,1686732530,32.38,71.48,99694.38,22,31,32,490
Nhom6_KTVXL,1686732552,32.35,71.31,99694.72,23,34,36,472
Nhom6_KTVXL,1686732557,32.34,71.26,99695.13,23,34,36,464
Nhom6_KTVXL,1686732562,32.32,71.19,99697.31,21,31,33,464
Nhom6_KTVXL,1686732567,32.30,71.20,99695.50,20,32,33,462
Nhom6_KTVXL,1686732572,32.30,71.15,99699.22,21,32,34,462
Nhom6_KTVXL,1686732577,32.30,71.13,99694.40,23,32,33,460
Nhom6_KTVXL,1686732582,32.31,71.14,99698.11,23,31,33,460
Nhom6_KTVXL,1686732587,32.30,71.08,99694.94,24,31,33,458
Nhom6_KTVXL,1686732592,32.29,71.05,99696.03,24,32,36,458
Nhom6_KTVXL,1686732597,32.29,71.07,99698.52,25,35,38,458
Nhom6_KTVXL,1686732602,32.28,71.08,99699.33,23,34,36,458
Nhom6_KTVXL,1686732607,32.27,71.07,99699.47,23,33,36,458
Nhom6_KTVXL,1686732612,32.28,71.07,99701.27,24,30,32,456
Nhom6_KTVXL,1686732617,32.26,71.06,99699.20,22,29,30,456
Nhom6_KTVXL,1686732622,32.26,71.08,99697.13,21,28,28,454
Nhom6_KTVXL,1686732627,32.26,71.10,99695.75,22,28,28,454
Nhom6_KTVXL,1686732632,32.26,71.13,99696.45,21,28,28,454
Nhom6_KTVXL,1686732637,32.26,71.15,99698.09,20,28,28,452
Nhom6_KTVXL,1686732642,32.26,71.15,99696.02,20,28,28,452
Nhom6_KTVXL,1686732647,32.27,71.15,99693.81,18,27,27,452
Nhom6_KTVXL,1686732652,32.25,71.13,99698.89,20,27,27,452
Nhom6_KTVXL,1686732657,32.25,71.14,99696.67,20,27,29,452
Nhom6_KTVXL,1686732662,32.25,71.14,99694.34,20,28,30,450
Nhom6_KTVXL,1686732667,32.25,71.16,99696.41,21,29,31,450
Nhom6_KTVXL,1686732672,32.24,71.17,99692.42,22,31,32,449
Nhom6_KTVXL,1686732677,32.25,71.15,99695.30,21,31,33,449
Nhom6_KTVXL,1686732682,32.24,71.13,99690.36,23,32,34,449
Nhom6_KTVXL,1686732687,32.24,71.11,99694.48,22,31,33,447
Nhom6_KTVXL,1686732692,32.25,71.10,99692.16,21,30,32,447
Nhom6_KTVXL,1686732697,32.25,71.10,99694.61,22,29,31,447
Nhom6_KTVXL,1686732702,32.25,71.09,99694.22,20,28,28,445
Nhom6_KTVXL,1686732707,32.25,71.11,99688.72,19,27,27,445
Nhom6_KTVXL,1686732712,32.26,71.13,99690.09,21,29,29,443
Nhom6_KTVXL,1686732717,32.26,71.10,99687.08,20,29,29,443
Nhom6_KTVXL,1686732722,32.26,71.08,99693.54,21,29,29,443
Nhom6_KTVXL,1686732727,32.26,71.07,99693.54,21,29,29,441
Nhom6_KTVXL,1686732732,32.25,71.07,99691.32,20,27,30,441
Nhom6_KTVXL,1686732737,32.26,71.07,99693.27,22,28,31,441
Nhom6_KTVXL,1686732742,32.26,71.05,99693.95,21,29,34,441
Nhom6_KTVXL,1686732747,32.25,71.04,99691.32,22,29,34,441
Nhom6_KTVXL,1686732752,32.25,71.04,99689.95,21,28,30,439
Nhom6_KTVXL,1686732757,32.25,71.03,99688.56,21,28,29,439
Nhom6_KTVXL,1686732762,32.25,71.00,99689.95,21,29,30,439
Nhom6_KTVXL,1686732767,32.26,70.99,99691.20,20,29,30,437
Nhom6_KTVXL,1686732772,32.27,70.98,99688.30,22,31,32,437
Nhom6_KTVXL,1686732777,32.27,70.97,99688.30,22,30,31,437
Nhom6_KTVXL,1686732782,32.27,70.96,99691.06,21,29,30,435
Nhom6_KTVXL,1686732787,32.27,70.97,99692.02,22,30,30,435
Nhom6_KTVXL,1686732792,32.26,70.96,99689.14,21,31,33,435
Nhom6_KTVXL,1686732797,32.27,70.96,99696.14,22,32,34,435
Nhom6_KTVXL,1686732802,32.27,70.92,99686.52,22,30,30,433
Nhom6_KTVXL,1686732807,32.27,70.92,99688.30,22,29,29,433
Nhom6_KTVXL,1686732812,32.28,70.91,99688.61,23,29,29,433
Nhom6_KTVXL,1686732817,32.28,70.90,99689.42,22,29,29,433
Nhom6_KTVXL,1686732822,32.28,70.88,99691.06,21,30,31,431
Nhom6_KTVXL,1686732827,32.29,70.88,99687.78,22,32,33,431
Nhom6_KTVXL,1686732832,32.28,70.87,99689.00,20,29,30,431
Nhom6_KTVXL,1686732837,32.29,70.89,99690.00,21,32,32,431
Nhom6_KTVXL,1686732842,32.30,70.88,99689.84,20,30,32,431
Nhom6_KTVXL,1686732847,32.31,70.86,99688.47,21,29,31,429
Nhom6_KTVXL,1686732852,32.31,70.84,99683.96,19,27,29,429
Nhom6_KTVXL,1686732857,32.32,70.84,99692.07,20,27,28,429
Nhom6_KTVXL,1686732862,32.32,70.82,99691.53,19,26,26,429
Nhom6_KTVXL,1686732867,32.31,70.79,99690.16,20,27,27,427
Nhom6_KTVXL,1686732872,32.31,70.80,99687.10,21,28,28,427
Nhom6_KTVXL,1686732877,32.32,70.79,99688.09,21,28,28,427
Nhom6_KTVXL,1686732882,32.33,70.78,99688.91,20,29,29,427
Nhom6_KTVXL,1686732887,32.33,70.75,99684.09,20,29,29,425
Nhom6_KTVXL,1686732892,32.33,70.74,99690.70,20,32,33,425
Nhom6_KTVXL,1686732897,32.33,70.73,99692.92,21,33,34,425
Nhom6_KTVXL,1686732902,32.32,70.71,99690.16,20,30,30,425
Nhom6_KTVXL,1686732907,32.32,70.72,99687.67,19,29,29,425
Nhom6_KTVXL,1686732912,32.32,70.71,99687.67,19,27,27,425
Nhom6_KTVXL,1686732917,32.31,70.72,99689.46,21,30,30,425
Nhom6_KTVXL,1686732922,32.30,70.71,99686.67,21,31,31,425
Nhom6_KTVXL,1686732927,32.29,70.73,99686.55,20,29,29,425
Nhom6_KTVXL,1686732932,32.29,70.74,99687.93,20,27,27,425
Nhom6_KTVXL,1686732937,32.28,70.75,99686.12,20,26,27,425
Nhom6_KTVXL,1686732942,32.29,70.75,99685.44,22,33,33,425
Nhom6_KTVXL,1686732947,32.29,70.76,99684.91,20,32,33,423
Nhom6_KTVXL,1686732952,32.31,70.75,99685.03,20,30,33,423
Nhom6_KTVXL,1686732957,32.31,70.74,99684.91,19,29,33,423
Nhom6_KTVXL,1686732962,32.31,70.79,99685.60,20,27,30,423
Nhom6_KTVXL,1686732967,32.31,70.73,99685.45,19,26,28,423
Nhom6_KTVXL,1686732972,32.31,70.73,99679.53,20,25,25,423
Nhom6_KTVXL,1686732977,32.31,70.73,99682.97,20,26,26,423
Nhom6_KTVXL,1686732982,32.32,70.72,99683.55,20,28,28,423
Nhom6_KTVXL,1686732987,32.32,70.70,99686.30,21,28,28,423
Nhom6_KTVXL,1686732992,32.32,70.70,99683.27,19,27,27,423
Nhom6_KTVXL,1686732997,32.34,70.69,99682.33,20,27,28,423
Nhom6_KTVXL,1686733002,32.34,70.67,99683.43,18,26,27,425
Nhom6_KTVXL,1686733007,32.36,70.65,99684.70,19,27,28,423
Nhom6_KTVXL,1686733012,32.37,70.64,99685.27,19,26,26,423
Nhom6_KTVXL,1686733017,32.38,70.62,99684.05,20,27,28,423
Nhom6_KTVXL,1686733022,32.38,70.56,99685.43,19,28,29,421
Nhom6_KTVXL,1686733027,32.40,70.61,99680.62,20,29,30,421
Nhom6_KTVXL,1686733032,32.41,70.58,99685.44,21,29,29,421
Nhom6_KTVXL,1686733037,32.40,70.57,99681.30,21,29,29,421
Nhom6_KTVXL,1686733042,32.40,70.57,99680.34,21,27,27,419
Nhom6_KTVXL,1686733047,32.40,70.55,99680.34,22,28,28,413
Nhom6_KTVXL,1686733052,32.40,70.54,99682.11,21,28,29,409
Nhom6_KTVXL,1686733057,32.39,70.54,99677.71,19,27,27,409
Nhom6_KTVXL,1686733062,32.40,70.52,99679.78,20,29,30,407
Nhom6_KTVXL,1686733067,32.42,70.50,99681.58,18,30,30,405
Nhom6_KTVXL,1686733072,32.42,70.47,99679.67,19,31,31,403
Nhom6_KTVXL,1686733077,32.43,70.46,99679.40,21,31,31,401
Nhom6_KTVXL,1686733082,32.44,70.43,99679.67,21,29,29,401
Nhom6_KTVXL,1686733087,32.42,70.43,99678.98,21,26,27,400
Nhom6_KTVXL,1686733092,32.42,70.45,99678.29,20,26,28,401
Nhom6_KTVXL,1686733097,32.43,70.44,99682.30,20,27,29,403
Nhom6_KTVXL,1686733102,32.43,70.45,99678.86,20,29,30,403
Nhom6_KTVXL,1686733107,32.45,70.43,99677.61,20,30,31,403
Nhom6_KTVXL,1686733112,32.43,70.44,99678.02,20,30,30,405
Nhom6_KTVXL,1686733117,32.42,70.44,99679.25,20,30,30,405
Nhom6_KTVXL,1686733122,32.42,70.44,99674.01,20,28,28,405
Nhom6_KTVXL,1686733127,32.40,70.44,99677.86,19,27,28,405
Nhom6_KTVXL,1686733132,32.39,70.47,99676.19,20,27,28,407
Nhom6_KTVXL,1686733137,32.40,70.50,99680.34,21,27,28,407
Nhom6_KTVXL,1686733142,32.40,70.50,99677.30,21,27,27,407
Nhom6_KTVXL,1686733147,32.41,70.48,99678.13,21,28,28,407
Nhom6_KTVXL,1686733152,32.41,70.48,99678.98,21,27,27,407
Nhom6_KTVXL,1686733157,32.42,70.48,99679.52,20,29,29,407
Nhom6_KTVXL,1686733162,32.41,70.46,99670.45,20,31,31,407
Nhom6_KTVXL,1686733167,32.42,70.47,99674.43,22,33,34,407
Nhom6_KTVXL,1686733172,32.43,70.45,99675.42,22,31,31,407
Nhom6_KTVXL,1686733177,32.45,70.43,99671.57,21,30,30,407
Nhom6_KTVXL,1686733182,32.45,70.40,99675.84,20,27,27,407
Nhom6_KTVXL,1686733187,32.46,70.40,99675.16,18,25,25,407
Nhom6_KTVXL,1686733192,32.48,70.36,99675.44,19,24,24,407
Nhom6_KTVXL,1686733197,32.49,70.35,99673.53,18,23,23,407
Nhom6_KTVXL,1686733202,32.49,70.33,99672.98,20,25,25,407
Nhom6_KTVXL,1686733207,32.50,70.31,99672.84,20,26,26,407
Nhom6_KTVXL,1686733212,32.50,70.29,99672.58,21,29,29,407
Nhom6_KTVXL,1686733217,32.50,70.27,99675.59,20,27,28,407
Nhom6_KTVXL,1686733222,32.50,70.26,99672.42,19,26,27,407
Nhom6_KTVXL,1686733227,32.51,70.24,99673.95,21,29,31,407
Nhom6_KTVXL,1686733232,32.52,70.23,99672.46,20,28,30,407
Nhom6_KTVXL,1686733237,32.54,70.20,99668.45,22,31,33,407
Nhom6_KTVXL,1686733242,32.53,70.19,99678.24,20,32,32,407
Nhom6_KTVXL,1686733247,32.55,70.17,99669.45,18,30,30,407
Nhom6_KTVXL,1686733252,32.56,70.16,99674.69,19,29,30,407
Nhom6_KTVXL,1686733257,32.55,70.16,99675.08,20,29,30,407
Nhom6_KTVXL,1686733262,32.55,70.19,99675.22,20,28,29,407
Nhom6_KTVXL,1686733267,32.52,70.16,99673.84,20,28,29,407
Nhom6_KTVXL,1686733272,32.52,70.17,99668.72,20,29,30,407
Nhom6_KTVXL,1686733277,32.51,70.25,99667.34,19,29,30,407
Nhom6_KTVXL,1686733282,32.52,70.27,99673.42,20,28,31,407
Nhom6_KTVXL,1686733287,32.52,70.30,99674.38,19,28,29,407
Nhom6_KTVXL,1686733292,32.51,70.33,99670.78,20,28,28,407
Nhom6_KTVXL,1686733297,32.51,70.33,99668.98,19,27,27,407
Nhom6_KTVXL,1686733302,32.49,70.34,99669.55,20,28,28,407
Nhom6_KTVXL,1686733307,32.50,70.36,99668.98,21,28,28,407
Nhom6_KTVXL,1686733312,32.50,70.36,99669.82,22,31,31,407
Nhom6_KTVXL,1686733317,32.48,70.36,99667.75,20,30,31,407
Nhom6_KTVXL,1686733322,32.48,70.28,99670.62,19,30,33,407
Nhom6_KTVXL,1686733327,32.49,70.40,99671.31,19,26,30,407
Nhom6_KTVXL,1686733332,32.50,70.40,99669.41,20,27,29,407
Nhom6_KTVXL,1686733337,32.49,70.42,99670.23,19,27,30,407
Nhom6_KTVXL,1686733342,32.47,70.45,99670.77,19,29,31,407
Nhom6_KTVXL,1686733347,32.49,70.47,99673.95,19,28,29,407
Nhom6_KTVXL,1686733352,32.51,70.46,99669.67,20,28,29,405
Nhom6_KTVXL,1686733357,32.50,70.46,99670.78,19,27,28,405
Nhom6_KTVXL,1686733362,32.51,70.45,99670.09,18,25,26,405
Nhom6_KTVXL,1686733367,32.52,70.44,99673.16,18,25,27,405
Nhom6_KTVXL,1686733372,32.52,70.42,99665.58,19,26,28,405
Nhom6_KTVXL,1686733377,32.51,70.44,99669.83,20,27,27,405
Nhom6_KTVXL,1686733382,32.52,70.37,99669.98,20,27,27,405
Nhom6_KTVXL,1686733387,32.50,70.48,99666.65,20,28,29,405
Nhom6_KTVXL,1686733392,32.51,70.49,99671.89,19,26,28,405
Nhom6_KTVXL,1686733397,32.52,70.50,99667.22,17,25,27,405
Nhom6_KTVXL,1686733402,32.51,70.53,99670.66,17,25,25,405
Nhom6_KTVXL,1686733407,32.49,70.54,99670.77,19,26,26,405
Nhom6_KTVXL,1686733412,32.49,70.56,99670.51,19,27,28,405
Nhom6_KTVXL,1686733417,32.48,70.60,99668.55,18,26,28,405
Nhom6_KTVXL,1686733422,32.48,70.62,99670.89,19,27,29,405
Nhom6_KTVXL,1686733427,32.49,70.64,99668.70,20,28,30,405
Nhom6_KTVXL,1686733432,32.47,70.66,99671.45,19,25,26,405
Nhom6_KTVXL,1686733437,32.48,70.68,99671.88,20,27,27,405
Nhom6_KTVXL,1686733442,32.47,70.68,99673.52,20,28,29,405
Nhom6_KTVXL,1686733447,32.48,70.70,99677.77,20,29,31,405
Nhom6_KTVXL,1686733452,32.47,70.72,99669.66,23,33,36,405
Nhom6_KTVXL,1686733457,32.48,70.74,99675.02,23,32,34,405
Nhom6_KTVXL,1686733462,32.48,70.74,99673.11,22,32,33,403
Nhom6_KTVXL,1686733467,32.48,70.72,99674.33,19,29,29,403
Nhom6_KTVXL,1686733472,32.47,70.76,99671.45,20,29,29,403
Nhom6_KTVXL,1686733477,32.48,70.76,99674.75,21,30,30,403
Nhom6_KTVXL,1686733482,32.49,70.76,99672.84,21,32,34,403
Nhom6_KTVXL,1686733487,32.49,70.76,99670.23,22,30,33,403
Nhom6_KTVXL,1686733492,32.50,70.76,99677.93,20,27,28,401
Nhom6_KTVXL,1686733497,32.51,70.76,99673.80,20,27,28,401
Nhom6_KTVXL,1686733502,32.51,70.75,99672.84,21,28,29,401
Nhom6_KTVXL,1686733507,32.49,70.78,99678.89,21,28,30,401
Nhom6_KTVXL,1686733512,32.48,70.79,99675.44,21,28,30,401
Nhom6_KTVXL,1686733517,32.46,70.82,99676.81,21,28,29,401
Nhom6_KTVXL,1686733522,32.44,70.81,99680.52,21,26,26,401
Nhom6_KTVXL,1686733527,32.43,70.85,99678.45,21,26,26,401
Nhom6_KTVXL,1686733532,32.43,70.88,99679.83,21,27,27,400
Nhom6_KTVXL,1686733537,32.44,70.89,99683.27,21,27,27,400
Nhom6_KTVXL,1686733542,32.43,70.90,99681.20,22,33,33,400
Nhom6_KTVXL,1686733547,32.43,70.93,99682.84,21,33,33,400
Nhom6_KTVXL,1686733552,32.41,70.93,99679.66,21,29,30,400
Nhom6_KTVXL,1686733557,32.42,70.94,99682.57,20,28,29,400
Nhom6_KTVXL,1686733562,32.42,70.95,99678.29,20,27,28,400
Nhom6_KTVXL,1686733567,32.44,70.95,99675.55,20,26,26,400
Nhom6_KTVXL,1686733572,32.43,70.95,99678.72,20,26,26,398
Nhom6_KTVXL,1686733577,32.42,70.95,99679.94,18,26,27,398
Nhom6_KTVXL,1686733582,32.42,70.96,99682.69,18,28,28,398
Nhom6_KTVXL,1686733587,32.41,70.95,99680.62,18,29,29,398
Nhom6_KTVXL,1686733592,32.41,70.98,99679.39,17,27,27,398
Nhom6_KTVXL,1686733597,32.41,71.01,99682.00,19,29,30,398
Nhom6_KTVXL,1686733602,32.42,70.97,99679.52,21,29,30,396
Nhom6_KTVXL,1686733607,32.42,70.97,99681.58,21,29,30,396
Nhom6_KTVXL,1686733612,32.42,70.97,99681.73,21,28,28,396
Nhom6_KTVXL,1686733617,32.42,70.96,99679.67,21,28,28,396
Nhom6_KTVXL,1686733622,32.43,70.95,99682.30,19,26,26,396
Nhom6_KTVXL,1686733627,32.43,70.95,99679.13,20,27,27,394
Nhom6_KTVXL,1686733632,32.43,70.95,99680.62,20,28,28,394
Nhom6_KTVXL,1686733637,32.43,70.95,99685.06,19,27,27,394
Nhom6_KTVXL,1686733642,32.43,70.94,99679.13,20,26,26,394
Nhom6_KTVXL,1686733647,32.43,70.93,99679.94,19,26,26,392
Nhom6_KTVXL,1686733652,32.43,70.92,99682.84,19,25,26,392
Nhom6_KTVXL,1686733657,32.41,71.00,99678.98,19,24,25,392
Nhom6_KTVXL,1686733662,32.41,70.92,99679.94,20,26,27,392
Nhom6_KTVXL,1686733667,32.42,70.93,99681.31,20,27,29,392
Nhom6_KTVXL,1686733672,32.42,70.92,99682.57,19,25,26,392
Nhom6_KTVXL,1686733677,32.42,70.92,99682.57,19,26,26,392
Nhom6_KTVXL,1686733682,32.43,70.91,99686.28,19,24,24,392
Nhom6_KTVXL,1686733687,32.43,70.92,99680.09,19,26,27,390
Nhom6_KTVXL,1686733692,32.44,70.91,99680.52,19,26,28,390
Nhom6_KTVXL,1686733697,32.44,70.92,99679.67,18,25,27,390
Nhom6_KTVXL,1686733702,32.45,70.91,99683.54,18,25,26,390
Nhom6_KTVXL,1686733707,32.47,70.91,99678.88,18,24,26,390
Nhom6_KTVXL,1686733712,32.49,70.89,99677.51,19,26,28,390
Nhom6_KTVXL,1686733717,32.53,70.85,99682.22,20,26,28,390
Nhom6_KTVXL,1686733722,32.53,70.82,99673.96,19,25,25,390
Nhom6_KTVXL,1686733727,32.50,70.80,99680.41,19,25,25,390
Nhom6_KTVXL,1686733732,32.50,70.81,99675.86,21,27,28,390
Nhom6_KTVXL,1686733737,32.51,70.77,99676.56,21,27,28,390
Nhom6_KTVXL,1686733742,32.55,70.75,99680.20,21,26,27,390
Nhom6_KTVXL,1686733747,32.56,70.71,99677.98,21,26,27,390
Nhom6_KTVXL,1686733752,32.58,70.72,99679.67,19,26,26,390
Nhom6_KTVXL,1686733757,32.60,70.69,99678.72,19,27,27,390
Nhom6_KTVXL,1686733762,32.62,70.65,99681.75,20,28,28,390
Nhom6_KTVXL,1686733767,32.62,70.62,99680.37,20,29,29,390
Nhom6_KTVXL,1686733772,32.63,70.59,99678.99,22,29,29,390
Nhom6_KTVXL,1686733777,32.65,70.54,99678.19,21,28,29,390
Nhom6_KTVXL,1686733782,32.64,70.53,99680.67,21,27,28,390
Nhom6_KTVXL,1686733787,32.65,70.52,99677.23,22,28,28,390
Nhom6_KTVXL,1686733792,32.67,70.48,99683.17,21,26,26,390
Nhom6_KTVXL,1686733797,32.68,70.45,99680.27,21,26,26,390
Nhom6_KTVXL,1686733802,32.69,70.42,99681.26,21,26,26,390
Nhom6_KTVXL,1686733807,32.69,70.38,99681.26,20,25,25,390
Nhom6_KTVXL,1686733812,32.69,70.36,99680.98,19,25,25,392
Nhom6_KTVXL,1686733817,32.67,70.33,99681.52,19,25,25,392
Nhom6_KTVXL,1686733822,32.66,70.34,99680.53,20,28,29,392
Nhom6_KTVXL,1686733827,32.65,70.34,99680.26,20,28,29,392
Nhom6_KTVXL,1686733832,32.65,70.36,99679.57,21,27,31,392
Nhom6_KTVXL,1686733837,32.68,70.32,99679.88,21,28,31,392
Nhom6_KTVXL,1686733842,32.68,70.31,99682.48,20,25,27,392
Nhom6_KTVXL,1686733847,32.69,70.29,99680.42,20,25,26,394
Nhom6_KTVXL,1686733852,32.69,70.28,99679.19,19,25,26,394
Nhom6_KTVXL,1686733857,32.68,70.27,99682.48,19,25,25,394
Nhom6_KTVXL,1686733862,32.68,70.27,99679.58,19,25,25,394
Nhom6_KTVXL,1686733867,32.67,70.26,99681.52,19,24,26,394
Nhom6_KTVXL,1686733872,32.66,70.26,99681.09,19,23,25,394
Nhom6_KTVXL,1686733877,32.65,70.27,99685.08,18,27,28,394
Nhom6_KTVXL,1686733882,32.64,70.28,99677.50,22,30,30,394
Nhom6_KTVXL,1686733887,32.63,70.29,99677.62,22,30,30,394
Nhom6_KTVXL,1686733892,32.63,70.29,99677.50,21,30,30,396
Nhom6_KTVXL,1686733897,32.63,70.29,99682.05,19,28,28,396
Nhom6_KTVXL,1686733902,32.61,70.30,99679.14,21,29,33,396
Nhom6_KTVXL,1686733907,32.60,70.30,99677.76,21,31,34,396
Nhom6_KTVXL,1686733912,32.60,70.31,99673.33,22,31,32,396
Nhom6_KTVXL,1686733917,32.60,70.32,99679.13,21,29,30,396
Nhom6_KTVXL,1686733922,32.59,70.37,99678.41,18,29,31,396
Nhom6_KTVXL,1686733927,32.59,70.35,99678.56,20,31,35,396
Nhom6_KTVXL,1686733932,32.59,70.34,99675.39,19,31,33,396
Nhom6_KTVXL,1686733937,32.59,70.36,99679.09,19,30,33,396
Nhom6_KTVXL,1686733942,32.59,70.35,99681.32,18,28,29,396
Nhom6_KTVXL,1686733947,32.59,70.36,99677.19,18,25,25,396
Nhom6_KTVXL,1686733952,32.59,70.40,99675.66,19,28,28,396
Nhom6_KTVXL,1686733957,32.56,70.48,99675.65,20,29,31,396
Nhom6_KTVXL,1686733962,32.54,70.53,99679.62,22,30,32,396
Nhom6_KTVXL,1686733967,32.55,70.54,99675.91,22,28,29,394
Nhom6_KTVXL,1686733972,32.55,70.55,99676.75,21,26,26,394
Nhom6_KTVXL,1686733977,32.56,70.54,99677.30,19,25,25,394
Nhom6_KTVXL,1686733982,32.58,70.42,99674.00,19,26,26,394
Nhom6_KTVXL,1686733987,32.57,70.53,99676.88,19,26,26,394
Nhom6_KTVXL,1686733992,32.55,70.53,99676.75,19,25,25,394
Nhom6_KTVXL,1686733997,32.54,70.54,99675.49,19,26,27,394
Nhom6_KTVXL,1686734002,32.54,70.55,99673.97,19,26,27,394
Nhom6_KTVXL,1686734007,32.54,70.55,99679.89,19,26,27,392
Nhom6_KTVXL,1686734012,32.54,70.57,99672.89,20,28,28,394
Nhom6_KTVXL,1686734017,32.51,70.59,99672.58,20,29,29,394
Nhom6_KTVXL,1686734022,32.51,70.60,99674.10,21,30,31,392
Nhom6_KTVXL,1686734027,32.51,70.61,99669.67,21,29,30,392
Nhom6_KTVXL,1686734032,32.52,70.60,99669.02,20,27,29,392
Nhom6_KTVXL,1686734037,32.55,70.58,99672.47,19,25,26,392
Nhom6_KTVXL,1686734042,32.58,70.55,99675.38,19,24,27,392
Nhom6_KTVXL,1686734047,32.59,70.51,99674.01,19,24,27,392
Nhom6_KTVXL,1686734052,32.59,70.49,99674.28,19,25,28,392
Nhom6_KTVXL,1686734057,32.58,70.46,99671.41,20,25,27,392
Nhom6_KTVXL,1686734062,32.57,70.51,99672.90,18,24,24,392
Nhom6_KTVXL,1686734067,32.58,70.53,99676.49,18,24,24,392
Nhom6_KTVXL,1686734072,32.55,70.54,99669.88,19,25,25,392
Nhom6_KTVXL,1686734077,32.53,70.56,99670.67,20,25,25,390
Nhom6_KTVXL,1686734082,32.53,70.56,99675.75,20,26,27,390
Nhom6_KTVXL,1686734087,32.51,70.60,99665.16,21,29,31,390
Nhom6_KTVXL,1686734092,32.51,70.62,99668.03,21,34,36,388
Nhom6_KTVXL,1686734097,32.51,70.61,99670.09,19,29,31,388
Nhom6_KTVXL,1686734102,32.51,70.63,99672.58,19,28,30,388
Nhom6_KTVXL,1686734107,32.50,70.65,99670.36,19,28,30,388
Nhom6_KTVXL,1686734112,32.49,70.65,99669.25,19,26,26,388
Nhom6_KTVXL,1686734117,32.49,70.66,99672.30,19,26,26,386
Nhom6_KTVXL,1686734122,32.49,70.67,99665.12,21,28,29,386
Nhom6_KTVXL,1686734127,32.48,70.68,99667.87,19,25,26,386
Nhom6_KTVXL,1686734132,32.48,70.69,99664.84,21,27,28,386
Nhom6_KTVXL,1686734137,32.49,70.70,99664.43,20,26,28,386
Nhom6_KTVXL,1686734142,32.48,70.77,99672.27,20,24,26,386
Nhom6_KTVXL,1686734147,32.46,70.81,99667.02,20,24,26,386
Nhom6_KTVXL,1686734152,32.47,70.82,99667.33,21,25,25,386
Nhom6_KTVXL,1686734157,32.47,70.82,99669.66,22,26,26,386
Nhom6_KTVXL,1686734162,32.47,70.79,99667.33,22,28,28,384
Nhom6_KTVXL,1686734167,32.47,70.79,99665.27,21,28,28,384
Nhom6_KTVXL,1686734172,32.47,70.82,99670.08,21,29,29,384
Nhom6_KTVXL,1686734177,32.47,70.82,99664.16,18,26,26,384
Nhom6_KTVXL,1686734182,32.46,70.83,99665.26,20,32,32,382
Nhom6_KTVXL,1686734187,32.47,70.91,99667.17,20,32,32,382
Nhom6_KTVXL,1686734192,32.47,70.82,99666.06,20,28,29,382
Nhom6_KTVXL,1686734197,32.47,70.82,99665.53,20,30,31,380
Nhom6_KTVXL,1686734202,32.48,70.82,99661.25,19,30,31,380
Nhom6_KTVXL,1686734207,32.48,70.81,99665.80,19,30,30,378
Nhom6_KTVXL,1686734212,32.48,70.82,99666.38,20,30,30,378
Nhom6_KTVXL,1686734217,32.45,70.89,99664.69,20,31,32,378
Nhom6_KTVXL,1686734222,32.46,70.88,99665.26,21,31,34,376
Nhom6_KTVXL,1686734227,32.44,70.92,99663.03,22,31,34,376
Nhom6_KTVXL,1686734232,32.44,70.93,99667.44,21,28,31,376
Nhom6_KTVXL,1686734237,32.45,70.93,99663.45,20,28,30,374
Nhom6_KTVXL,1686734242,32.45,70.92,99666.33,19,27,29,374
Nhom6_KTVXL,1686734247,32.45,70.92,99661.52,19,27,30,374
Nhom6_KTVXL,1686734252,32.45,70.91,99663.84,19,26,28,374
Nhom6_KTVXL,1686734257,32.44,70.91,99665.38,19,26,28,374
Nhom6_KTVXL,1686734262,32.45,70.91,99665.52,20,27,29,372
Nhom6_KTVXL,1686734267,32.45,70.92,99662.89,20,26,29,372
Nhom6_KTVXL,1686734272,32.45,70.95,99663.16,21,27,30,372
Nhom6_KTVXL,1686734277,32.45,70.94,99664.27,21,28,30,370
Nhom6_KTVXL,1686734282,32.47,70.92,99664.69,20,27,27,370
Nhom6_KTVXL,1686734287,32.48,70.91,99664.30,20,27,28,370
Nhom6_KTVXL,1686734292,32.48,70.91,99664.30,19,26,27,368
Nhom6_KTVXL,1686734297,32.49,70.91,99663.89,18,25,26,368
Nhom6_KTVXL,1686734302,32.49,70.91,99663.62,21,33,33,368
Nhom6_KTVXL,1686734307,32.49,70.93,99661.55,21,33,33,368
Nhom6_KTVXL,1686734312,32.48,70.93,99660.30,21,33,33,366
Nhom6_KTVXL,1686734317,32.47,70.94,99664.84,20,32,32,366
Nhom6_KTVXL,1686734322,32.47,70.94,99663.47,18,25,25,366
Nhom6_KTVXL,1686734327,32.47,70.94,99660.98,19,27,27,366
Nhom6_KTVXL,1686734332,32.46,70.90,99662.89,22,34,36,364
Nhom6_KTVXL,1686734337,32.47,70.89,99663.20,21,32,34,364
Nhom6_KTVXL,1686734342,32.46,70.91,99664.27,21,31,33,364
Nhom6_KTVXL,1686734347,32.46,70.94,99665.80,21,29,29,364
Nhom6_KTVXL,1686734352,32.46,70.96,99666.91,21,27,27,362
Nhom6_KTVXL,1686734357,32.46,70.94,99663.88,21,27,27,362
Nhom6_KTVXL,1686734362,32.46,70.93,99665.11,20,28,28,362
Nhom6_KTVXL,1686734367,32.46,70.93,99663.58,18,27,27,362
Nhom6_KTVXL,1686734372,32.46,70.94,99667.02,21,27,27,360
Nhom6_KTVXL,1686734377,32.46,70.96,99662.77,21,27,27,360
Nhom6_KTVXL,1686734382,32.47,70.95,99669.24,19,25,25,360
Nhom6_KTVXL,1686734387,32.47,70.94,99664.42,20,27,27,360
Nhom6_KTVXL,1686734392,32.47,70.91,99665.11,21,30,31,358
Nhom6_KTVXL,1686734397,32.46,70.90,99664.95,20,30,31,358
Nhom6_KTVXL,1686734402,32.46,70.93,99663.46,22,29,31,358
Nhom6_KTVXL,1686734407,32.45,70.90,99667.44,21,28,30,358
Nhom6_KTVXL,1686734412,32.45,70.93,99662.89,22,30,30,358
Nhom6_KTVXL,1686734417,32.44,70.83,99663.73,22,30,30,356
Nhom6_KTVXL,1686734422,32.43,70.96,99661.92,22,30,32,356
Nhom6_KTVXL,1686734427,32.44,70.96,99663.30,23,31,33,356
Nhom6_KTVXL,1686734432,32.45,70.96,99662.47,19,31,32,356
Nhom6_KTVXL,1686734437,32.44,70.95,99664.41,18,31,32,356
Nhom6_KTVXL,1686734442,32.45,70.96,99665.38,19,32,33,356
Nhom6_KTVXL,1686734447,32.45,70.95,99664.83,19,29,30,356
Nhom6_KTVXL,1686734452,32.44,70.94,99665.79,18,29,30,356
Nhom6_KTVXL,1686734457,32.45,70.94,99664.95,18,29,30,356
Nhom6_KTVXL,1686734462,32.43,70.97,99665.78,19,29,31,354
Nhom6_KTVXL,1686734467,32.44,70.96,99667.44,18,29,30,354
Nhom6_KTVXL,1686734472,32.44,70.98,99665.91,19,29,29,354
Nhom6_KTVXL,1686734477,32.43,70.97,99666.17,19,28,28,354
Nhom6_KTVXL,1686734482,32.44,70.96,99665.38,18,28,28,354
Nhom6_KTVXL,1686734487,32.44,70.94,99667.86,17,26,26,354
Nhom6_KTVXL,1686734492,32.45,70.91,99665.64,19,32,33,354
Nhom6_KTVXL,1686734497,32.46,70.91,99668.70,19,30,31,354
Nhom6_KTVXL,1686734502,32.47,70.77,99668.28,20,28,29,354
Nhom6_KTVXL,1686734507,32.48,70.86,99667.59,20,28,30,354
Nhom6_KTVXL,1686734512,32.48,70.72,99664.42,20,26,26,354
Nhom6_KTVXL,1686734517,32.49,70.62,99666.11,20,28,29,354
Nhom6_KTVXL,1686734522,32.51,70.55,99663.09,20,29,32,354
Nhom6_KTVXL,1686734527,32.52,70.48,99669.29,20,29,30,354
Nhom6_KTVXL,1686734532,32.51,70.42,99669.67,20,28,29,354
Nhom6_KTVXL,1686734537,32.50,70.46,99667.48,19,26,27,354
Nhom6_KTVXL,1686734542,32.50,70.50,99669.55,21,28,28,354
Nhom6_KTVXL,1686734547,32.50,70.54,99668.87,22,29,29,354
Nhom6_KTVXL,1686734552,32.51,70.57,99667.22,23,31,31,354
Nhom6_KTVXL,1686734557,32.51,70.58,99669.83,22,31,31,354
Nhom6_KTVXL,1686734562,32.50,70.62,99668.87,20,29,29,354
Nhom6_KTVXL,1686734567,32.51,70.64,99669.28,20,28,28,354
Nhom6_KTVXL,1686734572,32.50,70.64,99670.23,20,30,30,354
Nhom6_KTVXL,1686734577,32.49,70.65,99670.23,19,28,28,354
Nhom6_KTVXL,1686734582,32.46,70.74,99665.26,20,29,29,354
Nhom6_KTVXL,1686734587,32.47,70.85,99669.93,20,31,31,354
Nhom6_KTVXL,1686734592,32.48,70.77,99669.12,20,30,31,354
Nhom6_KTVXL,1686734597,32.46,70.77,99667.32,21,31,31,354
Nhom6_KTVXL,1686734602,32.46,70.76,99669.66,19,28,28,354
Nhom6_KTVXL,1686734607,32.46,70.79,99672.68,20,29,29,354
Nhom6_KTVXL,1686734612,32.44,70.86,99665.10,19,27,27,354
Nhom6_KTVXL,1686734617,32.44,70.87,99671.98,19,27,27,352
Nhom6_KTVXL,1686734622,32.43,70.87,99666.48,20,27,27,352
Nhom6_KTVXL,1686734627,32.42,70.92,99670.03,20,27,27,352
Nhom6_KTVXL,1686734632,32.42,70.95,99667.42,20,28,28,352
Nhom6_KTVXL,1686734637,32.41,70.96,99672.09,20,26,26,352
Nhom6_KTVXL,1686734642,32.41,70.96,99667.81,20,26,29,352
Nhom6_KTVXL,1686734647,32.41,70.96,99667.01,20,29,31,352
Nhom6_KTVXL,1686734652,32.43,70.98,99669.08,21,35,36,352
Nhom6_KTVXL,1686734657,32.42,70.98,99670.72,22,36,38,352
Nhom6_KTVXL,1686734662,32.44,70.97,99665.91,22,34,36,350
Nhom6_KTVXL,1686734667,32.44,70.96,99671.83,23,35,35,350
Nhom6_KTVXL,1686734672,32.44,70.97,99670.61,22,31,31,350
Nhom6_KTVXL,1686734677,32.44,70.97,99667.70,21,30,30,350
Nhom6_KTVXL,1686734682,32.43,71.00,99666.48,21,29,29,350
Nhom6_KTVXL,1686734687,32.44,71.02,99671.83,20,28,28,350
Nhom6_KTVXL,1686734692,32.43,71.06,99668.81,19,25,25,350
Nhom6_KTVXL,1686734697,32.44,71.03,99671.41,20,25,25,350
Nhom6_KTVXL,1686734702,32.43,70.99,99664.95,20,26,27,350
Nhom6_KTVXL,1686734707,32.44,70.97,99666.75,21,27,30,350
Nhom6_KTVXL,1686734712,32.45,70.96,99669.66,20,29,31,350
Nhom6_KTVXL,1686734717,32.44,70.97,99668.81,21,30,31,350
Nhom6_KTVXL,1686734722,32.44,70.98,99669.23,20,31,32,350
Nhom6_KTVXL,1686734727,32.45,70.97,99670.46,21,31,31,350
Nhom6_KTVXL,1686734732,32.43,70.92,99668.24,22,31,32,350
Nhom6_KTVXL,1686734737,32.41,71.05,99667.27,22,30,31,350
Nhom6_KTVXL,1686734742,32.40,71.09,99670.14,22,31,31,350
Nhom6_KTVXL,1686734747,32.41,71.05,99674.42,23,32,32,349
Nhom6_KTVXL,1686734752,32.40,71.04,99668.77,21,32,34,349
Nhom6_KTVXL,1686734757,32.39,71.08,99669.03,22,32,35,349
Nhom6_KTVXL,1686734762,32.38,71.12,99668.06,23,34,36,349
Nhom6_KTVXL,1686734767,32.37,71.13,99668.88,22,33,34,349
Nhom6_KTVXL,1686734772,32.38,71.10,99669.45,21,31,31,349
Nhom6_KTVXL,1686734777,32.38,71.14,99667.80,21,32,32,349
Nhom6_KTVXL,1686734782,32.37,71.17,99668.60,21,28,28,347
Nhom6_KTVXL,1686734787,32.38,71.14,99666.69,21,30,30,347
Nhom6_KTVXL,1686734792,32.37,71.22,99667.80,21,30,30,347
Nhom6_KTVXL,1686734797,32.37,71.27,99667.50,21,30,30,347
Nhom6_KTVXL,1686734802,32.39,71.23,99670.67,21,31,31,347
Nhom6_KTVXL,1686734807,32.37,71.27,99670.55,20,30,30,347
Nhom6_KTVXL,1686734812,32.37,71.21,99667.38,20,30,30,347
Nhom6_KTVXL,1686734817,32.38,71.19,99665.58,20,29,29,347
Nhom6_KTVXL,1686734822,32.38,71.20,99668.34,19,26,26,345
Nhom6_KTVXL,1686734827,32.37,71.22,99667.38,17,25,25,345
Nhom6_KTVXL,1686734832,32.37,71.24,99667.50,20,27,27,345
Nhom6_KTVXL,1686734837,32.37,71.31,99668.75,20,28,28,345
Nhom6_KTVXL,1686734842,32.37,71.28,99666.54,23,29,31,345
Nhom6_KTVXL,1686734847,32.37,71.28,99665.31,23,29,31,345
Nhom6_KTVXL,1686734852,32.39,71.26,99666.28,22,29,31,345
Nhom6_KTVXL,1686734857,32.38,71.27,99666.16,23,30,32,345
Nhom6_KTVXL,1686734862,32.39,71.23,99662.30,22,29,30,343
Nhom6_KTVXL,1686734867,32.40,71.21,99667.66,23,30,32,343
Nhom6_KTVXL,1686734872,32.40,71.21,99665.89,22,30,32,343
Nhom6_KTVXL,1686734877,32.40,71.21,99659.28,21,29,30,343
Nhom6_KTVXL,1686734882,32.39,71.22,99664.90,23,33,38,343
Nhom6_KTVXL,1686734887,32.39,71.25,99666.55,22,33,36,343
Nhom6_KTVXL,1686734892,32.39,71.20,99660.23,21,30,33,343
Nhom6_KTVXL,1686734897,32.40,71.18,99661.34,21,29,32,343
Nhom6_KTVXL,1686734902,32.41,71.13,99662.03,20,27,27,343
Nhom6_KTVXL,1686734907,32.41,71.15,99658.33,20,27,27,343
Nhom6_KTVXL,1686734912,32.41,71.17,99661.34,21,29,30,343
Nhom6_KTVXL,1686734917,32.40,71.22,99659.70,21,29,31,343
Nhom6_KTVXL,1686734922,32.40,71.23,99658.59,20,28,30,343
Nhom6_KTVXL,1686734927,32.39,71.26,99660.77,20,28,29,343
Nhom6_KTVXL,1686734932,32.40,71.25,99661.77,18,25,26,343
Nhom6_KTVXL,1686734937,32.40,71.25,99662.03,19,25,25,343
Nhom6_KTVXL,1686734942,32.40,71.21,99655.57,19,25,26,343
Nhom6_KTVXL,1686734947,32.39,71.23,99660.35,20,26,27,343
Nhom6_KTVXL,1686734952,32.39,71.22,99661.61,21,29,30,343
Nhom6_KTVXL,1686734957,32.40,71.18,99653.77,22,31,33,343
Nhom6_KTVXL,1686734962,32.40,71.18,99653.89,22,30,31,343
Nhom6_KTVXL,1686734967,32.40,71.22,99657.90,23,30,31,343
Nhom6_KTVXL,1686734972,32.40,71.17,99653.50,22,27,27,343
Nhom6_KTVXL,1686734977,32.40,71.19,99653.77,21,27,27,343
Nhom6_KTVXL,1686734982,32.40,71.21,99650.75,20,27,29,343
Nhom6_KTVXL,1686734987,32.41,71.15,99655.84,20,27,29,343
Nhom6_KTVXL,1686734992,32.42,71.11,99655.42,21,28,30,343
Nhom6_KTVXL,1686734997,32.39,71.19,99651.28,21,28,29,343
Nhom6_KTVXL,1686735002,32.39,71.22,99652.51,21,27,28,343
Nhom6_KTVXL,1686735007,32.40,71.18,99654.58,22,29,30,343
Nhom6_KTVXL,1686735012,32.41,71.17,99653.78,23,29,30,343
Nhom6_KTVXL,1686735017,32.41,71.03,99651.86,22,28,28,343
Nhom6_KTVXL,1686735022,32.42,71.01,99656.27,20,27,27,343
Nhom6_KTVXL,1686735027,32.41,71.09,99654.20,19,26,26,343
Nhom6_KTVXL,1686735032,32.43,71.06,99653.40,20,29,30,341
Nhom6_KTVXL,1686735037,32.42,71.06,99647.58,21,31,31,341
Nhom6_KTVXL,1686735042,32.43,71.08,99652.02,24,32,33,341
Nhom6_KTVXL,1686735047,32.43,71.08,99655.05,21,28,28,341
Nhom6_KTVXL,1686735052,32.43,71.05,99651.59,22,31,31,341
Nhom6_KTVXL,1686735057,32.44,70.99,99655.05,21,30,32,341
Nhom6_KTVXL,1686735062,32.43,71.04,99651.18,21,31,33,341
Nhom6_KTVXL,1686735067,32.41,71.10,99650.06,20,30,32,341
Nhom6_KTVXL,1686735072,32.43,71.09,99656.69,20,28,29,341
Nhom6_KTVXL,1686735077,32.41,71.12,99654.88,20,27,28,341
Nhom6_KTVXL,1686735082,32.42,71.15,99655.42,19,28,29,341
Nhom6_KTVXL,1686735087,32.41,71.15,99652.12,19,28,29,341
Nhom6_KTVXL,1686735092,32.41,71.16,99650.75,21,30,31,341
Nhom6_KTVXL,1686735097,32.42,71.15,99651.59,21,30,31,341
Nhom6_KTVXL,1686735102,32.42,71.19,99649.23,22,31,31,341
Nhom6_KTVXL,1686735107,32.42,71.16,99650.34,21,31,31,341
Nhom6_KTVXL,1686735112,32.41,71.19,99647.73,23,31,32,341
Nhom6_KTVXL,1686735117,32.42,71.16,99652.83,23,31,32,341
Nhom6_KTVXL,1686735122,32.41,71.17,99650.06,20,26,26,341
Nhom6_KTVXL,1686735127,32.40,71.17,99652.12,20,26,27,341
Nhom6_KTVXL,1686735132,32.42,71.13,99649.23,21,28,28,341
Nhom6_KTVXL,1686735137,32.44,71.09,99650.49,21,28,28,341
Nhom6_KTVXL,1686735142,32.45,71.05,99651.61,22,29,30,341
Nhom6_KTVXL,1686735147,32.46,71.02,99648.73,22,29,32,341
Nhom6_KTVXL,1686735152,32.47,70.96,99647.63,21,28,31,341
Nhom6_KTVXL,1686735157,32.48,70.93,99647.09,20,28,31,339
Nhom6_KTVXL,1686735162,32.49,70.90,99646.53,21,31,32,339
Nhom6_KTVXL,1686735167,32.50,70.76,99647.11,20,30,32,339
Nhom6_KTVXL,1686735172,32.51,70.69,99646.69,21,30,32,339
Nhom6_KTVXL,1686735177,32.52,70.66,99650.97,21,29,32,339
Nhom6_KTVXL,1686735182,32.51,70.67,99649.86,22,30,32,337
Nhom6_KTVXL,1686735187,32.52,70.62,99650.44,21,30,32,337
Nhom6_KTVXL,1686735192,32.51,70.69,99648.75,20,33,35,337
Nhom6_KTVXL,1686735197,32.51,70.76,99648.06,21,33,34,337
Nhom6_KTVXL,1686735202,32.52,70.79,99650.44,21,32,34,337
Nhom6_KTVXL,1686735207,32.53,70.77,99656.48,21,32,33,337
Nhom6_KTVXL,1686735212,32.52,70.70,99649.59,23,33,35,337
Nhom6_KTVXL,1686735217,32.50,70.72,99648.75,22,31,35,337
Nhom6_KTVXL,1686735222,32.49,70.74,99645.45,22,31,32,337
Nhom6_KTVXL,1686735227,32.47,70.84,99649.70,23,30,31,337
Nhom6_KTVXL,1686735232,32.46,70.82,99647.62,22,28,28,337
Nhom6_KTVXL,1686735237,32.46,70.83,99651.34,22,27,27,337
Nhom6_KTVXL,1686735242,32.45,70.85,99648.44,21,26,26,337
Nhom6_KTVXL,1686735247,32.44,70.88,99649.95,20,26,26,337
Nhom6_KTVXL,1686735252,32.45,70.90,99649.69,20,26,26,337
Nhom6_KTVXL,1686735257,32.46,70.88,99649.42,21,28,28,337
Nhom6_KTVXL,1686735262,32.47,70.86,99651.08,22,30,30,337
Nhom6_KTVXL,1686735267,32.48,70.84,99649.70,21,30,30,337
Nhom6_KTVXL,1686735272,32.49,70.85,99646.53,21,29,29,337
Nhom6_KTVXL,1686735277,32.51,70.79,99648.33,22,29,30,337
Nhom6_KTVXL,1686735282,32.51,70.80,99648.48,22,29,30,337
Nhom6_KTVXL,1686735287,32.51,70.85,99652.46,22,30,32,337
Nhom6_KTVXL,1686735292,32.52,70.88,99653.72,21,33,35,337
Nhom6_KTVXL,1686735297,32.52,70.90,99650.02,22,34,34,337
Nhom6_KTVXL,1686735302,32.52,70.93,99648.06,21,31,31,337
Nhom6_KTVXL,1686735307,32.52,70.99,99646.69,21,30,30,337
Nhom6_KTVXL,1686735312,32.53,71.11,99647.68,21,28,32,337
Nhom6_KTVXL,1686735317,32.57,71.22,99649.64,22,30,32,337
Nhom6_KTVXL,1686735322,32.59,71.24,99650.06,22,30,31,337
Nhom6_KTVXL,1686735327,32.59,71.29,99650.06,22,30,30,337
Nhom6_KTVXL,1686735332,32.61,71.31,99648.00,22,29,31,337
Nhom6_KTVXL,1686735337,32.60,71.32,99647.16,22,29,31,337
Nhom6_KTVXL,1686735342,32.58,71.35,99650.75,23,31,32,337
Nhom6_KTVXL,1686735347,32.55,71.42,99648.38,24,32,35,337
Nhom6_KTVXL,1686735352,32.56,71.46,99648.11,23,32,33,337
Nhom6_KTVXL,1686735357,32.59,71.45,99647.84,22,33,33,337
Nhom6_KTVXL,1686735362,32.59,71.46,99648.69,20,32,32,337
Nhom6_KTVXL,1686735367,32.59,71.46,99646.73,21,31,31,339
Nhom6_KTVXL,1686735372,32.60,71.47,99649.23,22,37,40,339
Nhom6_KTVXL,1686735377,32.63,71.45,99649.12,22,38,40,339
Nhom6_KTVXL,1686735382,32.63,71.41,99648.42,21,34,36,339
Nhom6_KTVXL,1686735387,32.65,71.39,99651.19,21,32,33,339
Nhom6_KTVXL,1686735392,32.63,71.38,99651.06,21,31,33,339
Nhom6_KTVXL,1686735397,32.64,71.38,99646.78,20,30,32,341
Nhom6_KTVXL,1686735402,32.65,71.35,99648.84,20,29,30,341
Nhom6_KTVXL,1686735407,32.64,71.33,99646.94,20,28,29,341
Nhom6_KTVXL,1686735412,32.62,71.34,99647.05,20,28,28,341
Nhom6_KTVXL,1686735417,32.61,71.36,99649.53,21,29,29,343
Nhom6_KTVXL,1686735422,32.63,71.36,99649.00,22,28,29,343
Nhom6_KTVXL,1686735427,32.63,71.35,99646.93,22,29,30,343
Nhom6_KTVXL,1686735432,32.61,71.35,99650.22,21,28,29,343
Nhom6_KTVXL,1686735437,32.61,71.36,99647.89,20,27,27,345
Nhom6_KTVXL,1686735442,32.61,71.44,99643.34,20,28,28,345
Nhom6_KTVXL,1686735447,32.64,71.38,99650.22,20,28,31,345
Nhom6_KTVXL,1686735452,32.65,71.34,99645.56,20,27,30,345
Nhom6_KTVXL,1686735457,32.66,71.30,99641.84,20,27,30,345
Nhom6_KTVXL,1686735462,32.66,71.29,99643.77,21,28,32,345
Nhom6_KTVXL,1686735467,32.68,71.29,99648.05,21,30,30,345
Nhom6_KTVXL,1686735472,32.68,71.29,99643.92,22,30,30,347
Nhom6_KTVXL,1686735477,32.69,71.30,99645.98,21,29,29,347
Nhom6_KTVXL,1686735482,32.71,71.28,99648.47,20,27,27,347
Nhom6_KTVXL,1686735487,32.73,71.26,99644.50,21,28,28,347
Nhom6_KTVXL,1686735492,32.73,71.25,99646.56,20,27,27,347
Nhom6_KTVXL,1686735497,32.74,71.23,99645.88,21,27,27,347
Nhom6_KTVXL,1686735502,32.73,71.21,99645.34,20,27,27,347
Nhom6_KTVXL,1686735507,32.74,71.21,99645.76,21,28,28,347
Nhom6_KTVXL,1686735512,32.74,71.20,99646.45,23,31,31,347
Nhom6_KTVXL,1686735517,32.73,71.21,99644.50,24,31,31,347
Nhom6_KTVXL,1686735522,32.73,71.20,99646.03,22,29,29,349
Nhom6_KTVXL,1686735527,32.74,71.21,99644.11,20,29,29,349
Nhom6_KTVXL,1686735532,32.74,71.20,99642.05,23,32,32,349
Nhom6_KTVXL,1686735537,32.76,71.29,99641.36,22,34,35,349
Nhom6_KTVXL,1686735542,32.77,71.19,99643.28,20,32,34,349
Nhom6_KTVXL,1686735547,32.78,71.17,99641.94,21,32,34,349
Nhom6_KTVXL,1686735552,32.80,71.15,99641.37,20,30,30,350
Nhom6_KTVXL,1686735557,32.80,71.12,99642.62,22,32,32,350
Nhom6_KTVXL,1686735562,32.82,71.10,99644.27,23,34,34,350
Nhom6_KTVXL,1686735567,32.80,71.10,99643.73,22,33,33,350
Nhom6_KTVXL,1686735572,32.79,71.09,99648.67,23,33,33,350
Nhom6_KTVXL,1686735577,32.77,71.10,99640.95,21,31,31,350
Nhom6_KTVXL,1686735582,32.74,71.13,99641.75,22,33,33,350
Nhom6_KTVXL,1686735587,32.73,71.18,99645.34,20,32,32,350
Nhom6_KTVXL,1686735592,32.73,71.21,99643.54,23,37,40,350
Nhom6_KTVXL,1686735597,32.71,71.34,99640.90,23,36,39,350
Nhom6_KTVXL,1686735602,32.68,71.22,99642.54,23,35,36,350
Nhom6_KTVXL,1686735607,32.68,71.23,99641.31,24,34,36,350
Nhom6_KTVXL,1686735612,32.67,71.25,99641.85,23,33,35,350
Nhom6_KTVXL,1686735617,32.67,71.35,99643.65,24,33,34,349
Nhom6_KTVXL,1686735622,32.69,71.39,99644.19,23,35,36,349
Nhom6_KTVXL,1686735627,32.72,71.45,99642.28,23,36,37,349
Nhom6_KTVXL,1686735632,32.75,71.49,99643.00,23,35,39,349
Nhom6_KTVXL,1686735637,32.75,71.52,99643.16,21,34,38,349
Nhom6_KTVXL,1686735642,32.75,71.55,99639.29,23,36,40,349
Nhom6_KTVXL,1686735647,32.77,71.58,99644.27,23,35,36,349
Nhom6_KTVXL,1686735652,32.78,71.58,99644.95,24,37,37,349
Nhom6_KTVXL,1686735657,32.77,71.58,99640.25,24,38,38,347
Nhom6_KTVXL,1686735662,32.77,71.59,99642.47,25,37,38,347
Nhom6_KTVXL,1686735667,32.77,71.63,99641.21,27,38,39,347
Nhom6_KTVXL,1686735672,32.77,71.65,99645.77,27,38,39,347
Nhom6_KTVXL,1686735677,32.78,71.66,99642.74,27,37,39,345
Nhom6_KTVXL,1686735682,32.79,71.64,99643.16,27,35,37,345
Nhom6_KTVXL,1686735687,32.79,71.66,99642.74,25,33,35,345
Nhom6_KTVXL,1686735692,32.79,71.64,99641.36,24,31,33,343
Nhom6_KTVXL,1686735697,32.78,71.63,99641.78,24,32,32,343
Nhom6_KTVXL,1686735702,32.80,71.58,99642.75,25,33,33,343
Nhom6_KTVXL,1686735707,32.82,71.54,99644.27,23,32,32,341
Nhom6_KTVXL,1686735712,32.84,71.46,99644.31,24,35,37,341
Nhom6_KTVXL,1686735717,32.83,71.47,99643.20,24,36,38,339
Nhom6_KTVXL,1686735722,32.86,71.43,99641.98,25,36,38,339
Nhom6_KTVXL,1686735727,32.87,71.44,99643.12,23,36,37,337
Nhom6_KTVXL,1686735732,32.86,71.43,99640.60,24,38,42,337
Nhom6_KTVXL,1686735737,32.88,71.42,99645.73,24,36,40,337
Nhom6_KTVXL,1686735742,32.90,71.41,99646.15,26,40,42,335
Nhom6_KTVXL,1686735747,32.88,71.37,99644.77,26,43,45,333
Nhom6_KTVXL,1686735752,32.88,71.37,99642.81,25,39,42,333
Nhom6_KTVXL,1686735757,32.88,71.35,99643.66,25,37,44,331
Nhom6_KTVXL,1686735762,32.89,71.34,99640.22,27,42,45,329
Nhom6_KTVXL,1686735767,32.90,71.35,99643.12,27,40,42,327
Nhom6_KTVXL,1686735772,32.91,71.34,99641.33,26,39,41,325
Nhom6_KTVXL,1686735777,32.91,71.35,99642.31,26,39,41,323
Nhom6_KTVXL,1686735782,32.89,71.37,99640.22,26,41,42,323
Nhom6_KTVXL,1686735787,32.90,71.36,99643.39,27,41,44,319
Nhom6_KTVXL,1686735792,32.91,71.35,99642.31,29,43,45,317
Nhom6_KTVXL,1686735797,32.93,71.34,99642.17,29,42,42,315
Nhom6_KTVXL,1686735802,32.93,71.25,99640.79,28,44,44,313
Nhom6_KTVXL,1686735807,32.92,71.34,99639.98,27,44,44,311
Nhom6_KTVXL,1686735812,32.92,71.34,99642.05,26,42,42,311
Nhom6_KTVXL,1686735817,32.90,71.36,99640.09,26,39,39,309
Nhom6_KTVXL,1686735822,32.91,71.39,99642.16,25,37,38,307
Nhom6_KTVXL,1686735827,32.90,71.40,99642.70,26,37,38,307
Nhom6_KTVXL,1686735832,32.90,71.41,99639.67,27,36,38,307
Nhom6_KTVXL,1686735837,32.91,71.41,99642.86,27,37,37,305
Nhom6_KTVXL,1686735842,32.93,71.40,99642.05,29,39,40,305
Nhom6_KTVXL,1686735847,32.95,71.37,99640.67,29,40,41,303
Nhom6_KTVXL,1686735852,32.97,71.34,99648.67,28,39,40,303
Nhom6_KTVXL,1686735857,32.96,71.32,99640.41,27,39,42,301
Nhom6_KTVXL,1686735862,32.94,71.43,99639.56,28,41,45,301
Nhom6_KTVXL,1686735867,32.93,71.34,99642.73,28,43,45,301
Nhom6_KTVXL,1686735872,32.92,71.34,99641.36,29,41,42,300
Nhom6_KTVXL,1686735877,32.92,71.32,99643.70,28,39,42,300
Nhom6_KTVXL,1686735882,32.91,71.32,99641.33,27,41,42,300
Nhom6_KTVXL,1686735887,32.91,71.32,99644.23,27,40,41,298
Nhom6_KTVXL,1686735892,32.91,71.33,99639.56,27,37,39,298
Nhom6_KTVXL,1686735897,32.90,71.34,99636.23,26,36,39,298
Nhom6_KTVXL,1686735902,32.89,71.36,99641.59,26,37,38,296
Nhom6_KTVXL,1686735907,32.88,71.37,99637.46,29,39,40,296
Nhom6_KTVXL,1686735912,32.89,71.39,99639.11,28,41,45,296
Nhom6_KTVXL,1686735917,32.89,71.39,99639.80,27,41,45,294
Nhom6_KTVXL,1686735922,32.87,71.41,99640.63,25,39,41,294
Nhom6_KTVXL,1686735927,32.87,71.43,99640.22,24,39,41,292
Nhom6_KTVXL,1686735932,32.87,71.46,99638.84,27,41,41,290
Nhom6_KTVXL,1686735937,32.86,71.51,99637.97,28,44,44,290
Nhom6_KTVXL,1686735942,32.87,71.54,99641.14,30,45,45,290
Nhom6_KTVXL,1686735947,32.86,71.58,99640.03,28,41,41,288
Nhom6_KTVXL,1686735952,32.88,71.62,99639.52,29,42,45,288
Nhom6_KTVXL,1686735957,32.90,71.63,99641.05,29,43,46,286
Nhom6_KTVXL,1686735962,32.88,71.63,99638.41,30,41,43,286
Nhom6_KTVXL,1686735967,32.88,71.63,99634.97,27,39,42,286
Nhom6_KTVXL,1686735972,32.88,71.63,99641.33,27,42,45,284
Nhom6_KTVXL,1686735977,32.88,71.64,99641.86,28,45,47,284
Nhom6_KTVXL,1686735982,32.88,71.67,99637.73,28,45,46,284
Nhom6_KTVXL,1686735987,32.89,71.67,99638.84,26,40,40,284
Nhom6_KTVXL,1686735992,32.91,71.66,99636.92,26,38,38,282
Nhom6_KTVXL,1686735997,32.91,71.67,99638.72,25,37,37,282
Nhom6_KTVXL,1686736002,32.89,71.68,99637.04,26,36,37,282
Nhom6_KTVXL,1686736007,32.90,71.68,99638.57,26,36,37,282
Nhom6_KTVXL,1686736012,32.91,71.67,99638.88,26,36,36,282
Nhom6_KTVXL,1686736017,32.91,71.63,99638.19,25,35,37,282
Nhom6_KTVXL,1686736022,32.92,71.61,99636.81,26,36,38,282
Nhom6_KTVXL,1686736027,32.93,71.58,99638.19,26,37,39,282
Nhom6_KTVXL,1686736032,32.93,71.56,99635.97,28,37,41,282
Nhom6_KTVXL,1686736037,32.94,71.53,99638.45,28,40,44,280
Nhom6_KTVXL,1686736042,32.95,71.52,99637.91,26,39,44,280
Nhom6_KTVXL,1686736047,32.94,71.54,99639.14,28,41,44,280